0 0.5071018132343931 0.054187192118226535 0.5013546867976113 0.07389162561576346 0.5038177409848034 0.09031198686371092 0.5177750480455586 0.09605911330049252 0.5268062467319299 0.0968801313628899 0.531732355106314 0.09277504105090306 0.5268062467319299 0.07142857142857137 0.5268062467319299 0.06075533661740553 0.5177750480455586 0.05500821018062392 0.5071018132343931 0.054187192118226535
0 0.6187602697204357 0.06075533661740553 0.6228653600324224 0.034482758620689585 0.6384647032179726 0.014778325123152638 0.6672003354018806 -5.54345841261113e-17 0.674589497963457 0.028735632183908004 0.6778735702130464 0.04187192118226593 0.6450328477171515 0.05090311986863701 0.6318965587187935 0.05829228243021339 0.6187602697204357 0.06075533661740553
0 0.5662151137270037 0.19638752428377398 0.5900246375365277 0.17175698241185272 0.6204023058452303 0.15944171147589212 0.6351806309683831 0.17504105466144226 0.6351806309683831 0.19474548815897924 0.6532430283411251 0.19967159653336342 0.6277914684068067 0.2160919577813108 0.6039819445972827 0.2128078855317214 0.5826354749749512 0.20213465072055556 0.5662151137270037 0.19638752428377398
0 0.5087438493591877 0.3300492610837437 0.531732355106314 0.3070607553366174 0.5653940956646064 0.30131362889983576 0.5637520595398116 0.312807881773399 0.555541878915838 0.3292282430213464 0.5383004996054931 0.3366174055829228 0.525164210607135 0.3374384236453201 0.5169540299831614 0.334975369458128 0.5087438493591877 0.3300492610837437
0 0.45061576803590536 0.35911329548151427 0.4407635512871369 0.3295566452352088 0.4210591177896 0.30985221173767186 0.40135468429206295 0.30164203111369814 0.38821839529370505 0.30903119367527454 0.39068144948089717 0.31559933817445346 0.38329228691932077 0.3221674826736324 0.38247126885692345 0.33284071748479827 0.3923234856056919 0.3435139522959641 0.41202791910322883 0.3443349703583615 0.4210591177896 0.3484400606703484 0.430090316475971 0.35665024129432205 0.44240558741193164 0.36157634966870633 0.45061576803590536 0.35911329548151427
0 0.26490148169523253 0.750738936300544 0.2575123191336562 0.7688013336732861 0.2640804636328352 0.7917898394204126 0.2517651926968746 0.8000000200443863 0.25504926494646407 0.8164203812923336 0.2665435178200273 0.8311987064154864 0.2887110055047563 0.8394088870394601 0.2993842403159222 0.8467980496010366 0.3125205293142802 0.8550082302250103 0.31990969187585655 0.8599343385993945 0.3108784931894854 0.8377668509146654 0.31005747512708803 0.8131363090427441 0.30348933062790906 0.7917898394204126 0.3002052583783196 0.7720854059228757 0.29035304162955106 0.7490969001757491 0.2731116623192063 0.7376026473021859 0.2673645358824247 0.7425287556765702 0.26490148169523253 0.750738936300544
0 0.37491790205648046 0.7958949297323993 0.3888752091172359 0.7811166046092467 0.3954433536164148 0.7655172614236966 0.4167898232387465 0.7499179182381466 0.45866174442101254 0.7351395931149937 0.47754515985615203 0.7392446834269807 0.47918719598094683 0.7523809724253386 0.47179803341937054 0.7688013336732861 0.44142036511066773 0.7786535504220546 0.439778328985873 0.7893267852332204 0.4381362928610782 0.8065681645435653 0.4315681483618993 0.8180624174171285 0.41186371486436224 0.8073891826059625 0.4020114981155938 0.7975369658571941 0.3888752091172359 0.7983579839195916 0.37491790205648046 0.7958949297323993
0 0.4931445030417022 0.9050903320312499 0.4923234849793048 0.9124794945928264 0.4890394127297153 0.9247947655287868 0.4882183946673179 0.940394108714337 0.5005336656032785 0.9543514157750923 0.5079228281648549 0.966666686711053 0.5177750449136233 0.9756978853974241 0.5259852255375972 0.9724138131478346 0.5235221713504049 0.9469622532135161 0.5276272616623918 0.9100164404056343 0.5095648642896496 0.887848952720905 0.49642857529129164 0.8779967359721367 0.4939655211040996 0.8927750610952895 0.4931445030417022 0.9050903320312499
0 0.28132184294317997 0.9482758620689655 0.2640804636328352 0.9638752052545156 0.2640804636328352 0.9761904761904762 0.2690065720072195 0.9893267651888342 0.29035304162955106 0.9958949096880131 0.3002052583783196 1.0 0.30677340287749855 0.9958949096880131 0.30348933062790906 0.973727422003284 0.2936371138791406 0.9499178981937602 0.2919950777543458 0.9474548440065681 0.28132184294317997 0.9482758620689655
0 0.7156677574946962 0.36934866485011064 0.7166256119008265 0.3894636073788463 0.7233305927437385 0.40095786025240954 0.7271620103682594 0.4105364043137123 0.7348248456173015 0.4086206955014517 0.7434455352724739 0.39616858822175827 0.7482348073031253 0.38180077212980423 0.7376984088356925 0.374137936880762 0.7271620103682594 0.36934866485011064 0.7156677574946962 0.36934866485011064
