0 0.5015785359796865 0.7954485661667983 0.4969744844143089 0.7796632465140754 0.49894764937089925 0.7665088134701395 0.5101289174582446 0.7619047619047621 0.5173638556324094 0.7612470402525653 0.52131018554559 0.7645356485135492 0.5173638556324094 0.7816364114706658 0.5173638556324094 0.790186792949224 0.5101289174582446 0.7947908445146015 0.5015785359796865 0.7954485661667983
0 0.5910286806784499 0.790186792949224 0.5943172889394338 0.8112338858195213 0.6068140003311728 0.8270192054722443 0.6298342581580605 0.8388581952117864 0.6357537530278317 0.8158379373848987 0.6383846396366187 0.8053143909497502 0.6120757735487471 0.7980794527755855 0.6015522271135985 0.7921599579058144 0.5910286806784499 0.790186792949224
0 0.5489344949378553 0.6815311729955035 0.5680084228515623 0.7012628225614073 0.5923441239828434 0.7111286473443591 0.6041831137223856 0.6986319359526201 0.6041831137223856 0.6828466162998971 0.618652990070715 0.6789002863867164 0.5982636188526145 0.6657458533427806 0.5791896909389076 0.6683767399515677 0.5620889279817911 0.676927121430126 0.5489344949378553 0.6815311729955035
0 0.5028939792840801 0.574454091028677 0.52131018554559 0.5928702972901869 0.5482767732856585 0.5974743488555645 0.5469613299812649 0.5882662457248095 0.540384113459297 0.5751118126808736 0.5265719587631644 0.5691923178111026 0.5160484123280158 0.5685345961589058 0.5094711958060479 0.5705077611154962 0.5028939792840801 0.574454091028677
0 0.45632728430134006 0.5511707485553249 0.4484346244749786 0.5748487280344093 0.43264930482225566 0.5906340476871323 0.41686398516953266 0.5972112642091002 0.4063404387343841 0.591291769339329 0.4083136036909744 0.5860299961217548 0.4023941088212033 0.5807682229041805 0.40173638716900656 0.5722178414256222 0.409629046995368 0.5636674599470639 0.42541436664809096 0.5630097382948671 0.43264930482225566 0.5597211300338831 0.4398842429964203 0.5531439135119153 0.4497500677793722 0.5491975835987345 0.45632728430134006 0.5511707485553249
0 0.3075506460726244 0.23743750038538414 0.3016311512028533 0.22296762403705483 0.3068929244204276 0.20455141777554464 0.29702709963747576 0.1979742012535768 0.2996579862462629 0.18481976820964108 0.308866089377018 0.17298077847009874 0.32662457398633127 0.16640356194813088 0.33517495546488957 0.16048406707835972 0.3456985019000382 0.15390685055639186 0.3516179967698093 0.14996052064321108 0.3443830585956446 0.16771900525252437 0.3437253369434478 0.18745065481842826 0.3384635637258735 0.20455141777554464 0.33583267711708636 0.22033673742826765 0.32794001729072486 0.23875294368977773 0.3141278625945923 0.24796104682053277 0.3095238110292148 0.2440147169073521 0.3075506460726244 0.23743750038538414
0 0.39568534746699424 0.20126280951456077 0.40686661555433973 0.213101799254103 0.412128388771914 0.22559851064584202 0.42922915172903053 0.23809522203758093 0.4627729559910668 0.24993421177712327 0.4779005539915929 0.24664560351613918 0.4792159972959865 0.23612205708099065 0.4732965024262155 0.22296762403705483 0.44896080129493426 0.21507496421069328 0.44764535799054067 0.20652458273213503 0.4463299146861471 0.19271242803600241 0.44106814146857276 0.18350432490524737 0.42528282181584975 0.19205470638380573 0.4173901619894883 0.19994736621016718 0.40686661555433973 0.19928964455797027 0.39568534746699424 0.20126280951456077
0 0.49039726538333206 0.11378582977238771 0.4897395437311352 0.10786633490261655 0.487108657122348 0.09800051011966482 0.4864509354701513 0.08550379872792568 0.49631676025310306 0.07432253064058025 0.5022362551228742 0.06445670585762842 0.5101289149492356 0.057221767683463653 0.5167061314712036 0.05985265429225084 0.5147329665146132 0.08024202551035131 0.5180215747755972 0.10983949985920682 0.5035516984272678 0.12759798446852033 0.49302815199211913 0.13549064429488167 0.4910549870355288 0.12365165455533944 0.49039726538333206 0.11378582977238771
0 0.32070507911656015 0.07918968692449402 0.3068929244204276 0.066692975532755 0.3068929244204276 0.05682715074980327 0.3108392543336084 0.04630360431465452 0.32794001729072486 0.04104183109708026 0.33583267711708636 0.03775322283609628 0.3410944503346607 0.04104183109708026 0.3384635637258735 0.05880031570639355 0.33057090389951205 0.07787424362010054 0.32925546059511845 0.07984740857669093 0.32070507911656015 0.07918968692449402
0 0.6686617509948465 0.5429711432600405 0.6694290929224094 0.5268569627812191 0.6748004864153498 0.517648859650464 0.6778698541256015 0.5099754403748348 0.6840085895461049 0.5115101242299607 0.6909146668941711 0.5214855692882786 0.6947513765319858 0.5329956982017224 0.6863106153287937 0.5391344336222258 0.6778698541256015 0.5429711432600405 0.6686617509948465 0.5429711432600405
