0 0.4984214640203135 0.7954485661667983 0.5030255155856911 0.7796632465140754 0.5010523506291007 0.7665088134701395 0.4898710825417554 0.7619047619047621 0.4826361443675906 0.7612470402525653 0.47868981445440995 0.7645356485135492 0.4826361443675906 0.7816364114706658 0.4826361443675906 0.790186792949224 0.4898710825417554 0.7947908445146015 0.4984214640203135 0.7954485661667983
0 0.40897131932155006 0.790186792949224 0.4056827110605662 0.8112338858195213 0.39318599966882717 0.8270192054722443 0.3701657418419395 0.8388581952117864 0.36424624697216834 0.8158379373848987 0.36161536036338127 0.8053143909497502 0.3879242264512529 0.7980794527755855 0.39844777288640154 0.7921599579058144 0.40897131932155006 0.790186792949224
0 0.4510655050621447 0.6815311729955035 0.4319915771484377 0.7012628225614073 0.4076558760171566 0.7111286473443591 0.39581688627761435 0.6986319359526201 0.39581688627761435 0.6828466162998971 0.38134700992928505 0.6789002863867164 0.4017363811473855 0.6657458533427806 0.4208103090610924 0.6683767399515677 0.4379110720182089 0.676927121430126 0.4510655050621447 0.6815311729955035
0 0.4971060207159199 0.574454091028677 0.47868981445440995 0.5928702972901869 0.4517232267143415 0.5974743488555645 0.4530386700187351 0.5882662457248095 0.45961588654070296 0.5751118126808736 0.4734280412368356 0.5691923178111026 0.4839515876719842 0.5685345961589058 0.49052880419395206 0.5705077611154962 0.4971060207159199 0.574454091028677
0 0.5436727156986599 0.5511707485553249 0.5515653755250214 0.5748487280344093 0.5673506951777443 0.5906340476871323 0.5831360148304674 0.5972112642091002 0.5936595612656159 0.591291769339329 0.5916863963090255 0.5860299961217548 0.5976058911787967 0.5807682229041805 0.5982636128309935 0.5722178414256222 0.5903709530046319 0.5636674599470639 0.574585633351909 0.5630097382948671 0.5673506951777443 0.5597211300338831 0.5601157570035797 0.5531439135119153 0.5502499322206278 0.5491975835987345 0.5436727156986599 0.5511707485553249
0 0.6924493539273756 0.23743750038538414 0.6983688487971467 0.22296762403705483 0.6931070755795724 0.20455141777554464 0.7029729003625242 0.1979742012535768 0.7003420137537371 0.18481976820964108 0.691133910622982 0.17298077847009874 0.6733754260136687 0.16640356194813088 0.6648250445351105 0.16048406707835972 0.6543014980999617 0.15390685055639186 0.6483820032301907 0.14996052064321108 0.6556169414043553 0.16771900525252437 0.6562746630565521 0.18745065481842826 0.6615364362741265 0.20455141777554464 0.6641673228829137 0.22033673742826765 0.6720599827092751 0.23875294368977773 0.6858721374054078 0.24796104682053277 0.6904761889707852 0.2440147169073521 0.6924493539273756 0.23743750038538414
0 0.6043146525330058 0.20126280951456077 0.5931333844456603 0.213101799254103 0.587871611228086 0.22559851064584202 0.5707708482709695 0.23809522203758093 0.5372270440089332 0.24993421177712327 0.5220994460084071 0.24664560351613918 0.5207840027040135 0.23612205708099065 0.5267034975737845 0.22296762403705483 0.5510391987050658 0.21507496421069328 0.5523546420094594 0.20652458273213503 0.553670085313853 0.19271242803600241 0.5589318585314272 0.18350432490524737 0.5747171781841502 0.19205470638380573 0.5826098380105117 0.19994736621016718 0.5931333844456603 0.19928964455797027 0.6043146525330058 0.20126280951456077
0 0.5096027346166679 0.11378582977238771 0.5102604562688648 0.10786633490261655 0.512891342877652 0.09800051011966482 0.5135490645298487 0.08550379872792568 0.5036832397468969 0.07432253064058025 0.4977637448771258 0.06445670585762842 0.4898710850507644 0.057221767683463653 0.4832938685287964 0.05985265429225084 0.4852670334853868 0.08024202551035131 0.4819784252244028 0.10983949985920682 0.49644830157273223 0.12759798446852033 0.5069718480078809 0.13549064429488167 0.5089450129644713 0.12365165455533944 0.5096027346166679 0.11378582977238771
0 0.6792949208834398 0.07918968692449402 0.6931070755795724 0.066692975532755 0.6931070755795724 0.05682715074980327 0.6891607456663916 0.04630360431465452 0.6720599827092751 0.04104183109708026 0.6641673228829137 0.03775322283609628 0.6589055496653393 0.04104183109708026 0.6615364362741265 0.05880031570639355 0.669429096100488 0.07787424362010054 0.6707445394048815 0.07984740857669093 0.6792949208834398 0.07918968692449402
0 0.3313382490051535 0.5429711432600405 0.3305709070775906 0.5268569627812191 0.32519951358465016 0.517648859650464 0.3221301458743985 0.5099754403748348 0.3159914104538951 0.5115101242299607 0.30908533310582886 0.5214855692882786 0.3052486234680142 0.5329956982017224 0.31368938467120633 0.5391344336222258 0.3221301458743985 0.5429711432600405 0.3313382490051535 0.5429711432600405
