0 0.5015785359796865 0.20455143383320168 0.4969744844143089 0.22033675348592463 0.49894764937089925 0.23349118652986042 0.5101289174582446 0.23809523809523797 0.5173638556324094 0.23875295974743477 0.52131018554559 0.2354643514864508 0.5173638556324094 0.2183635885293343 0.5173638556324094 0.20981320705077602 0.5101289174582446 0.20520915548539848 0.5015785359796865 0.20455143383320168
0 0.5910286806784499 0.20981320705077602 0.5943172889394338 0.18876611418047873 0.6068140003311728 0.17298079452775578 0.6298342581580605 0.16114180478821355 0.6357537530278317 0.1841620626151012 0.6383846396366187 0.19468560905024984 0.6120757735487471 0.2019205472244145 0.6015522271135985 0.20784004209418563 0.5910286806784499 0.20981320705077602
0 0.5489344949378553 0.3184688270044965 0.5680084228515623 0.2987371774385928 0.5923441239828434 0.2888713526556409 0.6041831137223856 0.30136806404738 0.6041831137223856 0.31715338370010293 0.618652990070715 0.32109971361328365 0.5982636188526145 0.3342541466572194 0.5791896909389076 0.3316232600484323 0.5620889279817911 0.32307287856987404 0.5489344949378553 0.3184688270044965
0 0.5028939792840801 0.42554590897132305 0.52131018554559 0.407129702709813 0.5482767732856585 0.4025256511444355 0.5469613299812649 0.41173375427519054 0.540384113459297 0.4248881873191263 0.5265719587631644 0.4308076821888974 0.5160484123280158 0.4314654038410942 0.5094711958060479 0.42949223888450383 0.5028939792840801 0.42554590897132305
0 0.45632728430134006 0.4488292514446751 0.4484346244749786 0.42515127196559066 0.43264930482225566 0.4093659523128677 0.41686398516953266 0.4027887357908998 0.4063404387343841 0.40870823066067097 0.4083136036909744 0.41397000387824523 0.4023941088212033 0.4192317770958195 0.40173638716900656 0.42778215857437785 0.409629046995368 0.43633254005293604 0.42541436664809096 0.4369902617051329 0.43264930482225566 0.4402788699661168 0.4398842429964203 0.4468560864880847 0.4497500677793722 0.4508024164012655 0.45632728430134006 0.4488292514446751
0 0.3075506460726244 0.7625624996146159 0.3016311512028533 0.7770323759629452 0.3068929244204276 0.7954485822244554 0.29702709963747576 0.8020257987464232 0.2996579862462629 0.8151802317903589 0.308866089377018 0.8270192215299013 0.32662457398633127 0.8335964380518691 0.33517495546488957 0.8395159329216403 0.3456985019000382 0.8460931494436081 0.3516179967698093 0.8500394793567889 0.3443830585956446 0.8322809947474756 0.3437253369434478 0.8125493451815717 0.3384635637258735 0.7954485822244554 0.33583267711708636 0.7796632625717324 0.32794001729072486 0.7612470563102223 0.3141278625945923 0.7520389531794672 0.3095238110292148 0.7559852830926479 0.3075506460726244 0.7625624996146159
0 0.39568534746699424 0.7987371904854392 0.40686661555433973 0.786898200745897 0.412128388771914 0.774401489354158 0.42922915172903053 0.7619047779624191 0.4627729559910668 0.7500657882228767 0.4779005539915929 0.7533543964838608 0.4792159972959865 0.7638779429190093 0.4732965024262155 0.7770323759629452 0.44896080129493426 0.7849250357893067 0.44764535799054067 0.793475417267865 0.4463299146861471 0.8072875719639976 0.44106814146857276 0.8164956750947526 0.42528282181584975 0.8079452936161943 0.4173901619894883 0.8000526337898328 0.40686661555433973 0.8007103554420297 0.39568534746699424 0.7987371904854392
0 0.49039726538333206 0.8862141702276123 0.4897395437311352 0.8921336650973835 0.487108657122348 0.9019994898803352 0.4864509354701513 0.9144962012720743 0.49631676025310306 0.9256774693594197 0.5022362551228742 0.9355432941423716 0.5101289149492356 0.9427782323165363 0.5167061314712036 0.9401473457077492 0.5147329665146132 0.9197579744896487 0.5180215747755972 0.8901605001407932 0.5035516984272678 0.8724020155314797 0.49302815199211913 0.8645093557051183 0.4910549870355288 0.8763483454446606 0.49039726538333206 0.8862141702276123
0 0.32070507911656015 0.920810313075506 0.3068929244204276 0.933307024467245 0.3068929244204276 0.9431728492501967 0.3108392543336084 0.9536963956853455 0.32794001729072486 0.9589581689029197 0.33583267711708636 0.9622467771639037 0.3410944503346607 0.9589581689029197 0.3384635637258735 0.9411996842936065 0.33057090389951205 0.9221257563798995 0.32925546059511845 0.9201525914233091 0.32070507911656015 0.920810313075506
0 0.6686617509948465 0.4570288567399595 0.6694290929224094 0.4731430372187809 0.6748004864153498 0.48235114034953597 0.6778698541256015 0.4900245596251652 0.6840085895461049 0.4884898757700394 0.6909146668941711 0.4785144307117214 0.6947513765319858 0.46700430179827757 0.6863106153287937 0.4608655663777742 0.6778698541256015 0.4570288567399595 0.6686617509948465 0.4570288567399595
