0 0.49842146402031345 0.7954485661667983 0.5030255155856911 0.7796632465140754 0.5010523506291007 0.7665088134701395 0.48987108254175543 0.7619047619047621 0.4826361443675906 0.7612470402525652 0.47868981445440995 0.7645356485135492 0.4826361443675906 0.7816364114706656 0.4826361443675906 0.7901867929492239 0.48987108254175543 0.7947908445146015 0.49842146402031345 0.7954485661667983
0 0.40897131932155 0.7901867929492239 0.4056827110605662 0.8112338858195212 0.39318599966882717 0.8270192054722442 0.3701657418419395 0.8388581952117864 0.3642462469721684 0.8158379373848987 0.36161536036338127 0.80531439094975 0.3879242264512529 0.7980794527755855 0.39844777288640154 0.7921599579058143 0.40897131932155 0.7901867929492239
0 0.4510655050621447 0.6815311729955034 0.43199157714843767 0.701262822561407 0.4076558760171566 0.711128647344359 0.39581688627761435 0.6986319359526199 0.39581688627761435 0.682846616299897 0.381347009929285 0.6789002863867163 0.40173638114738547 0.6657458533427805 0.42081030906109246 0.6683767399515677 0.4379110720182089 0.6769271214301259 0.4510655050621447 0.6815311729955034
0 0.49710602071592 0.5744540910286768 0.47868981445441 0.5928702972901869 0.45172322671434156 0.5974743488555644 0.45303867001873516 0.5882662457248093 0.45961588654070307 0.5751118126808736 0.47342804123683563 0.5691923178111025 0.4839515876719843 0.5685345961589057 0.4905288041939522 0.5705077611154961 0.49710602071592 0.5744540910286768
0 0.54367271569866 0.5511707485553248 0.5515653755250215 0.5748487280344092 0.5673506951777444 0.5906340476871322 0.5831360148304674 0.5972112642091001 0.593659561265616 0.5912917693393289 0.5916863963090256 0.5860299961217547 0.5976058911787968 0.5807682229041804 0.5982636128309935 0.572217841425622 0.590370953004632 0.5636674599470639 0.5745856333519092 0.563009738294867 0.5673506951777444 0.5597211300338831 0.5601157570035797 0.5531439135119152 0.5502499322206279 0.5491975835987344 0.54367271569866 0.5511707485553248
0 0.6924493539273757 0.23743750038538414 0.6983688487971469 0.22296762403705478 0.6931070755795725 0.20455141777554467 0.7029729003625244 0.1979742012535768 0.7003420137537372 0.18481976820964102 0.6911339106229821 0.1729807784700988 0.6733754260136688 0.1664035619481309 0.6648250445351105 0.1604840670783597 0.6543014980999619 0.1539068505563918 0.6483820032301908 0.14996052064321114 0.6556169414043554 0.16771900525252442 0.6562746630565522 0.1874506548184282 0.6615364362741266 0.20455141777554467 0.6641673228829138 0.2203367374282676 0.6720599827092752 0.23875294368977773 0.6858721374054078 0.2479610468205328 0.6904761889707853 0.2440147169073521 0.6924493539273757 0.23743750038538414
0 0.6043146525330059 0.20126280951456071 0.5931333844456603 0.21310179925410289 0.5878716112280861 0.22559851064584188 0.5707708482709696 0.2380952220375808 0.5372270440089333 0.24993421177712322 0.5220994460084072 0.24664560351613912 0.5207840027040136 0.23612205708099054 0.5267034975737845 0.2229676240370547 0.5510391987050658 0.21507496421069314 0.5523546420094594 0.20652458273213492 0.553670085313853 0.19271242803600241 0.5589318585314274 0.18350432490524735 0.5747171781841504 0.19205470638380576 0.5826098380105118 0.19994736621016712 0.5931333844456603 0.1992896445579703 0.6043146525330059 0.20126280951456071
0 0.509602734616668 0.11378582977238771 0.5102604562688648 0.1078663349026165 0.512891342877652 0.09800051011966478 0.5135490645298488 0.08550379872792568 0.503683239746897 0.07432253064058028 0.4977637448771259 0.06445670585762837 0.4898710850507645 0.057221767683463653 0.48329386852879647 0.05985265429225084 0.4852670334853869 0.08024202551035131 0.48197842522440293 0.10983949985920685 0.4964483015727323 0.1275979844685203 0.506971848007881 0.1354906442948817 0.5089450129644713 0.12365165455533944 0.509602734616668 0.11378582977238771
0 0.67929492088344 0.07918968692449405 0.6931070755795725 0.06669297553275495 0.6931070755795725 0.056827150749803226 0.6891607456663917 0.04630360431465448 0.6720599827092754 0.04104183109708028 0.6641673228829138 0.03775322283609626 0.6589055496653394 0.04104183109708028 0.6615364362741266 0.05880031570639357 0.6694290961004882 0.07787424362010054 0.6707445394048817 0.07984740857669088 0.67929492088344 0.07918968692449405
0 0.33133824900515363 0.5429711432600404 0.33057090707759074 0.526856962781219 0.3251995135846502 0.5176488596504639 0.32213014587439853 0.5099754403748347 0.3159914104538952 0.5115101242299606 0.3090853331058289 0.5214855692882785 0.3052486234680143 0.5329956982017223 0.3136893846712064 0.5391344336222257 0.32213014587439853 0.5429711432600404 0.33133824900515363 0.5429711432600404
