0 0.20455143383320165 0.49842146402031345 0.22033675348592457 0.5030255155856911 0.2334911865298604 0.5010523506291007 0.23809523809523792 0.48987108254175543 0.2387529597474347 0.4826361443675906 0.23546435148645078 0.47868981445440995 0.21836358852933424 0.4826361443675906 0.20981320705077597 0.4826361443675906 0.20520915548539845 0.48987108254175543 0.20455143383320165 0.49842146402031345
0 0.20981320705077597 0.40897131932155 0.18876611418047867 0.4056827110605662 0.17298079452775572 0.39318599966882717 0.16114180478821352 0.3701657418419395 0.18416206261510118 0.3642462469721684 0.19468560905024979 0.36161536036338127 0.20192054722441447 0.3879242264512529 0.20784004209418558 0.39844777288640154 0.20981320705077597 0.40897131932155
0 0.3184688270044965 0.4510655050621447 0.29873717743859274 0.43199157714843767 0.2888713526556409 0.4076558760171566 0.3013680640473799 0.39581688627761435 0.31715338370010293 0.39581688627761435 0.3210997136132836 0.381347009929285 0.33425414665721936 0.40173638114738547 0.33162326004843223 0.42081030906109246 0.323072878569874 0.4379110720182089 0.3184688270044965 0.4510655050621447
0 0.425545908971323 0.49710602071591997 0.40712970270981297 0.47868981445440995 0.4025256511444354 0.4517232267143415 0.4117337542751905 0.4530386700187351 0.42488818731912625 0.45961588654070296 0.43080768218889737 0.4734280412368356 0.4314654038410941 0.4839515876719842 0.4294922388845038 0.49052880419395206 0.425545908971323 0.49710602071591997
0 0.44882925144467506 0.5436727156986599 0.42515127196559055 0.5515653755250214 0.4093659523128676 0.5673506951777443 0.40278873579089974 0.5831360148304674 0.40870823066067086 0.5936595612656159 0.4139700038782451 0.5916863963090255 0.41923177709581944 0.5976058911787967 0.42778215857437774 0.5982636128309935 0.436332540052936 0.5903709530046319 0.4369902617051328 0.574585633351909 0.44027886996611676 0.5673506951777443 0.4468560864880846 0.5601157570035797 0.4508024164012654 0.5502499322206278 0.44882925144467506 0.5436727156986599
0 0.7625624996146158 0.6924493539273756 0.7770323759629452 0.6983688487971468 0.7954485822244552 0.6931070755795725 0.802025798746423 0.7029729003625242 0.8151802317903588 0.7003420137537372 0.8270192215299013 0.6911339106229821 0.8335964380518689 0.6733754260136688 0.8395159329216402 0.6648250445351105 0.8460931494436081 0.6543014980999619 0.8500394793567889 0.6483820032301907 0.8322809947474756 0.6556169414043553 0.8125493451815717 0.6562746630565522 0.7954485822244552 0.6615364362741266 0.7796632625717324 0.6641673228829137 0.7612470563102222 0.6720599827092751 0.7520389531794671 0.6858721374054078 0.7559852830926478 0.6904761889707853 0.7625624996146158 0.6924493539273756
0 0.7987371904854391 0.6043146525330059 0.7868982007458969 0.5931333844456603 0.774401489354158 0.5878716112280861 0.7619047779624191 0.5707708482709696 0.7500657882228766 0.5372270440089333 0.7533543964838607 0.5220994460084072 0.7638779429190092 0.5207840027040136 0.7770323759629452 0.5267034975737845 0.7849250357893067 0.5510391987050658 0.7934754172678649 0.5523546420094594 0.8072875719639974 0.553670085313853 0.8164956750947525 0.5589318585314274 0.8079452936161943 0.5747171781841504 0.8000526337898328 0.5826098380105118 0.8007103554420297 0.5931333844456603 0.7987371904854391 0.6043146525330059
0 0.8862141702276123 0.509602734616668 0.8921336650973835 0.5102604562688648 0.9019994898803351 0.512891342877652 0.9144962012720743 0.5135490645298488 0.9256774693594195 0.503683239746897 0.9355432941423715 0.4977637448771259 0.9427782323165363 0.4898710850507645 0.9401473457077489 0.48329386852879647 0.9197579744896487 0.4852670334853869 0.890160500140793 0.48197842522440293 0.8724020155314797 0.4964483015727323 0.8645093557051183 0.506971848007881 0.8763483454446603 0.5089450129644713 0.8862141702276123 0.509602734616668
0 0.920810313075506 0.6792949208834399 0.9333070244672449 0.6931070755795725 0.9431728492501967 0.6931070755795725 0.9536963956853455 0.6891607456663916 0.9589581689029195 0.6720599827092751 0.9622467771639037 0.6641673228829137 0.9589581689029195 0.6589055496653394 0.9411996842936062 0.6615364362741266 0.9221257563798992 0.669429096100488 0.9201525914233091 0.6707445394048817 0.920810313075506 0.6792949208834399
0 0.45702885673995947 0.3313382490051535 0.4731430372187808 0.3305709070775906 0.48235114034953586 0.3251995135846501 0.49002455962516517 0.3221301458743985 0.4884898757700393 0.3159914104538951 0.47851443071172134 0.30908533310582886 0.4670043017982775 0.3052486234680142 0.4608655663777741 0.3136893846712063 0.45702885673995947 0.3221301458743985 0.45702885673995947 0.3313382490051535
