0 0.7954485661667983 0.5015785359796866 0.7796632465140754 0.496974484414309 0.7665088134701394 0.49894764937089936 0.761904761904762 0.5101289174582446 0.7612470402525652 0.5173638556324095 0.764535648513549 0.5213101855455902 0.7816364114706656 0.5173638556324095 0.7901867929492239 0.5173638556324095 0.7947908445146015 0.5101289174582446 0.7954485661667983 0.5015785359796866
0 0.7901867929492239 0.59102868067845 0.8112338858195212 0.5943172889394339 0.8270192054722442 0.6068140003311729 0.8388581952117864 0.6298342581580606 0.8158379373848987 0.6357537530278317 0.80531439094975 0.6383846396366188 0.7980794527755853 0.6120757735487472 0.7921599579058143 0.6015522271135986 0.7901867929492239 0.59102868067845
0 0.6815311729955034 0.5489344949378553 0.701262822561407 0.5680084228515623 0.711128647344359 0.5923441239828434 0.6986319359526199 0.6041831137223856 0.682846616299897 0.6041831137223856 0.6789002863867163 0.618652990070715 0.6657458533427805 0.5982636188526145 0.6683767399515677 0.5791896909389076 0.6769271214301259 0.5620889279817911 0.6815311729955034 0.5489344949378553
0 0.5744540910286768 0.5028939792840801 0.5928702972901869 0.52131018554559 0.5974743488555644 0.5482767732856585 0.5882662457248093 0.5469613299812649 0.5751118126808736 0.540384113459297 0.5691923178111025 0.5265719587631644 0.5685345961589057 0.5160484123280158 0.5705077611154961 0.5094711958060479 0.5744540910286768 0.5028939792840801
0 0.5511707485553248 0.45632728430134006 0.5748487280344092 0.4484346244749786 0.5906340476871322 0.43264930482225566 0.5972112642091001 0.41686398516953266 0.5912917693393289 0.4063404387343841 0.5860299961217547 0.4083136036909744 0.5807682229041804 0.4023941088212033 0.572217841425622 0.40173638716900656 0.5636674599470639 0.409629046995368 0.563009738294867 0.42541436664809096 0.5597211300338831 0.43264930482225566 0.5531439135119152 0.4398842429964203 0.5491975835987344 0.4497500677793722 0.5511707485553248 0.45632728430134006
0 0.23743750038538405 0.30755064607262433 0.2229676240370547 0.3016311512028532 0.2045514177755446 0.3068929244204276 0.1979742012535768 0.2970270996374757 0.18481976820964102 0.29965798624626283 0.1729807784700988 0.3088660893770179 0.1664035619481309 0.3266245739863312 0.1604840670783597 0.3351749554648895 0.1539068505563918 0.34569850190003815 0.14996052064321114 0.35161799676980926 0.16771900525252442 0.34438305859564455 0.1874506548184282 0.34372533694344776 0.2045514177755446 0.33846356372587344 0.2203367374282675 0.3358326771170863 0.23875294368977765 0.3279400172907248 0.24796104682053272 0.31412786259459224 0.24401471690735202 0.3095238110292148 0.23743750038538405 0.30755064607262433
0 0.20126280951456071 0.3956853474669942 0.21310179925410289 0.4068666155543396 0.22559851064584188 0.41212838877191393 0.2380952220375808 0.4292291517290304 0.24993421177712322 0.46277295599106677 0.24664560351613912 0.47790055399159287 0.23612205708099054 0.47921599729598646 0.2229676240370547 0.4732965024262154 0.21507496421069314 0.44896080129493415 0.20652458273213492 0.44764535799054056 0.19271242803600241 0.44632991468614697 0.18350432490524735 0.4410681414685727 0.19205470638380576 0.42528282181584964 0.19994736621016712 0.4173901619894882 0.1992896445579703 0.4068666155543396 0.20126280951456071 0.3956853474669942
0 0.11378582977238753 0.49039726538333195 0.10786633490261632 0.4897395437311351 0.0980005101196646 0.4871086571223479 0.0855037987279255 0.48645093547015117 0.0743225306405801 0.496316760253103 0.0644567058576282 0.5022362551228741 0.05722176768346347 0.5101289149492355 0.05985265429225066 0.5167061314712036 0.08024202551035113 0.5147329665146131 0.10983949985920667 0.5180215747755971 0.12759798446852014 0.5035516984272677 0.1354906442948815 0.493028151992119 0.12365165455533926 0.4910549870355287 0.11378582977238753 0.49039726538333195
0 0.07918968692449405 0.3207050791165601 0.06669297553275495 0.30689292442042754 0.056827150749803226 0.30689292442042754 0.04630360431465448 0.3108392543336083 0.04104183109708028 0.32794001729072475 0.03775322283609626 0.33583267711708625 0.04104183109708028 0.34109445033466057 0.05880031570639357 0.3384635637258734 0.07787424362010054 0.33057090389951194 0.07984740857669088 0.32925546059511834 0.07918968692449405 0.3207050791165601
0 0.5429711432600404 0.6686617509948465 0.526856962781219 0.6694290929224094 0.5176488596504639 0.6748004864153498 0.5099754403748347 0.6778698541256015 0.5115101242299606 0.6840085895461049 0.5214855692882785 0.6909146668941711 0.5329956982017223 0.6947513765319858 0.5391344336222257 0.6863106153287937 0.5429711432600404 0.6778698541256015 0.5429711432600404 0.6686617509948465
