0 0.501052357319791 0.3030342892221345 0.4979829896095393 0.3135578356572831 0.49929843291393283 0.3223274576865736 0.5067526116388297 0.3253968253968253 0.5115759037549396 0.32583530649828985 0.5142067903637267 0.3236429009909672 0.5115759037549396 0.31224239235288953 0.5115759037549396 0.30654213803385066 0.5067526116388297 0.303472770323599 0.501052357319791 0.3030342892221345
0 0.5606857871189667 0.30654213803385066 0.5628781926262892 0.2925107427869858 0.5712093335541153 0.28198719635183717 0.5865561721053737 0.2740945365254757 0.5905025020185544 0.2894413750767342 0.5922564264244126 0.2964570727001666 0.5747171823658314 0.30128036481627635 0.567701484742399 0.30522669472945707 0.5606857871189667 0.30654213803385066
0 0.5326229966252368 0.3789792180029977 0.5453389485677083 0.36582478495906184 0.5615627493218956 0.35924756843709393 0.569455409148257 0.36757870936491993 0.569455409148257 0.3781022558000686 0.5791019933804766 0.38073314240885575 0.5655090792350763 0.38950276443814624 0.552793127292605 0.3877488400322882 0.5413926186545274 0.3820485857132494 0.5326229966252368 0.3789792180029977
0 0.50192931952272 0.45036393931421537 0.5142067903637267 0.4380864684732087 0.5321845155237723 0.435017100762957 0.5313075533208432 0.4411558361834604 0.5269227423061981 0.4499254582127509 0.5177146391754429 0.45387178812593165 0.5106989415520106 0.45431026922739615 0.5063141305373653 0.45299482592300255 0.50192931952272 0.45036393931421537
0 0.4708848562008934 0.4658861676297834 0.46562308298331906 0.4501008479770604 0.4550995365481704 0.4395773015419118 0.4445759901130218 0.43519249052726655 0.4375602924895894 0.4391388204404473 0.4388757357939829 0.4426466692521635 0.4349294058808022 0.4461545180638797 0.4344909247793377 0.45185477238291855 0.439752697996912 0.45755502670195736 0.45027624443206066 0.4579935078034219 0.4550995365481704 0.46018591331074454 0.4599228286642802 0.4645707243253898 0.46650004518624816 0.467201610934177 0.4708848562008934 0.4658861676297834
0 0.3717004307150829 0.6750416664097438 0.36775410080190224 0.6846882506419635 0.3712619496136184 0.6969657214829702 0.36468473309165056 0.7013505324976155 0.3664386574975086 0.710120154526906 0.37257739291801195 0.7180128143532675 0.3844163826575542 0.7223976253679127 0.39011663697659305 0.7263439552810935 0.39713233460002545 0.7307287662957388 0.40107866451320623 0.7333596529045259 0.3962553723970964 0.7215206631649838 0.39581689129563186 0.7083662301210478 0.3923090424839157 0.6969657214829702 0.3905551180780576 0.6864421750478216 0.3852933448604832 0.6741647042068148 0.3760852417297282 0.6680259687863115 0.37301587401947656 0.6706568553950986 0.3717004307150829 0.6750416664097438
0 0.4304568983113295 0.6991581269902928 0.4379110770362265 0.6912654671639314 0.4414189258479427 0.6829343262361054 0.45281943448602036 0.6746031853082795 0.4751819706607112 0.6667105254819178 0.4852670359943953 0.6689029309892405 0.48614399819732435 0.6759186286126729 0.4821976682841437 0.6846882506419635 0.4659738675299562 0.6899500238595379 0.46509690532702713 0.6956502781785766 0.46421994312409803 0.7048583813093318 0.46071209431238186 0.7109971167298351 0.45018854787723317 0.7052968624107961 0.44492677465965885 0.7000350891932219 0.4379110770362265 0.7004735702946865 0.4304568983113295 0.6991581269902928
0 0.49359817692222135 0.7574761134850748 0.4931596958207568 0.7614224433982557 0.49140577141489866 0.7679996599202235 0.49096729031343417 0.7763308008480495 0.497544506835402 0.7837849795729465 0.5014908367485827 0.7903621960949144 0.506752609966157 0.7951854882110242 0.5111374209808024 0.7934315638051661 0.5098219776764088 0.7798386496597658 0.5120143831837314 0.7601070000938621 0.5023677989515118 0.7482680103543198 0.49535210132807944 0.7430062371367455 0.49403665802368585 0.7508988969631071 0.49359817692222135 0.7574761134850748
0 0.3804700527443734 0.780540208717004 0.3712619496136184 0.7888713496448301 0.3712619496136184 0.7954485661667978 0.3738928362224056 0.8024642637902304 0.3852933448604832 0.8059721126019465 0.3905551180780576 0.8081645181092691 0.39406296688977377 0.8059721126019465 0.3923090424839157 0.7941331228624043 0.38704726926634136 0.781417170919933 0.38617030706341227 0.7801017276155394 0.3804700527443734 0.780540208717004
0 0.6124411673298977 0.47135257115997303 0.6129527286149395 0.4820953581458539 0.6165336576102333 0.48823409356635733 0.6185799027504011 0.49334970641677683 0.6226723930307365 0.4923265838466929 0.6272764445961142 0.48567628714114763 0.6298342510213238 0.4780028678655184 0.6242070768858625 0.4739103775851828 0.6185799027504011 0.47135257115997303 0.6124411673298977 0.47135257115997303
