0 0.12021640492440464 0.7017189054897089 0.037437184567596725 0.01853777048775299
0 0.45332820148642855 0.8811933374053764 0.03577403249326445 0.026963331022792
0 0.5089852495541256 0.7408994640001646 0.03161398392141769 0.0244355530543755
0 0.6113146382318981 0.7371077970475398 0.024958123045064482 0.030333335620998013
0 0.9837772200207081 0.7208463444262193 0.03244555995858383 0.0244355530543755
0 0.9800335015639485 0.5131446925035517 0.03161398392141769 0.02022222374733201
0 0.8082366142820745 0.4979780246930525 0.02745393534957093 0.02864888236141899
0 0.33710487941063266 0.54263580149476 0.028286595579745104 0.02864888236141899
0 0.012479061522532241 0.5274691336842611 0.024958123045064482 0.03201888695962501
0 0.09900200033609984 0.4992419136772609 0.03993299687210317 0.0244355530543755
0 0.22129788744992387 0.4794402542052995 0.024958123045064482 0.03538889155783102
0 0.1256243596485046 0.2789013719125105 0.024958123045064482 0.030333335620998013
0 0.20299562528121257 0.20348859713538625 0.03494137226309028 0.027805557652581515
0 0.41788701624663227 0.362319142949303 0.02745393534957093 0.01853777048775299
0 0.4099832492180258 0.387596922633468 0.03161398392141769 0.01853777048775299
0 0.5014978126406063 0.39855026113692354 0.028286595579745104 0.026963331022792
0 0.5405992334755433 0.38422691803526204 0.03161398392141769 0.02864888236141899
0 0.5884359973762529 0.23356937457535226 0.02911817161691124 0.02864888236141899
0 0.6571554028048074 0.13077160642101723 0.03244555995858383 0.025277779684165013
0 0.8613143671836461 0.2790693780068492 0.02911817161691124 0.025277779684165013
0 0.9806991960708847 0.2921299302033505 0.029949747654077378 0.02275000171574851
