0 0.885129 0.728361 0.03453 0.016882
0 0.577885 0.891805 0.032996 0.024555
0 0.5265500000000001 0.764042 0.029159 0.022253
0 0.43216699999999997 0.760589 0.02302 0.027624
0 0.08862800000000004 0.74578 0.029926 0.022253
0 0.09208099999999997 0.55663 0.029159 0.018416
0 0.250537 0.542818 0.025322 0.02609
0 0.685083 0.583487 0.02609 0.02609
0 0.9845 0.569675 0.02302 0.029159
0 0.904696 0.543969 0.036832 0.022253
0 0.791897 0.525936 0.02302 0.032228
0 0.8801410000000001 0.343309 0.02302 0.027624
0 0.808778 0.274632 0.032228 0.025322
0 0.610574 0.419276 0.025322 0.016882
0 0.617864 0.442296 0.029159 0.016882
0 0.5334559999999999 0.452271 0.02609 0.024555
0 0.497391 0.439227 0.029159 0.02609
0 0.45326900000000003 0.302026 0.026857 0.02609
0 0.38988599999999995 0.20841 0.029926 0.02302
0 0.201581 0.343462 0.026857 0.02302
0 0.09146699999999996 0.355356 0.027624 0.020718
