0 0.885129 0.27163899999999996 0.03453 0.016882
0 0.577885 0.10819500000000004 0.032996 0.024555
0 0.5265500000000001 0.235958 0.029159 0.022253
0 0.43216699999999997 0.23941100000000004 0.02302 0.027624
0 0.08862800000000004 0.25422 0.029926 0.022253
0 0.09208099999999997 0.44337000000000004 0.029159 0.018416
0 0.250537 0.457182 0.025322 0.02609
0 0.685083 0.416513 0.02609 0.02609
0 0.9845 0.43032499999999996 0.02302 0.029159
0 0.904696 0.45603099999999996 0.036832 0.022253
0 0.791897 0.47406400000000004 0.02302 0.032228
0 0.8801410000000001 0.656691 0.02302 0.027624
0 0.808778 0.725368 0.032228 0.025322
0 0.610574 0.580724 0.025322 0.016882
0 0.617864 0.557704 0.029159 0.016882
0 0.5334559999999999 0.547729 0.02609 0.024555
0 0.497391 0.560773 0.029159 0.02609
0 0.45326900000000003 0.697974 0.026857 0.02609
0 0.38988599999999995 0.79159 0.029926 0.02302
0 0.201581 0.6565380000000001 0.026857 0.02302
0 0.09146699999999996 0.644644 0.027624 0.020718
