0 0.7283609999999999 0.885129 0.01688200000000002 0.03452999999999999
0 0.8918049999999997 0.5778850000000001 0.02455500000000015 0.03299600000000007
0 0.7640419999999999 0.5265500000000001 0.02225300000000008 0.029159000000000112
0 0.7605889999999998 0.432167 0.027624000000000138 0.023020000000000086
0 0.74578 0.08862800000000011 0.02225300000000008 0.029925999999999852
0 0.55663 0.09208099999999994 0.018415999999999943 0.029158999999999935
0 0.542818 0.250537 0.026089999999999947 0.025322000000000067
0 0.5834869999999999 0.685083 0.026089999999999947 0.026089999999999947
0 0.5696749999999999 0.9845 0.029158999999999935 0.023019999999999995
0 0.5439689999999999 0.9046960000000001 0.02225300000000008 0.036832000000000066
0 0.5259359999999998 0.791897 0.03222799999999992 0.023019999999999995
0 0.3433089999999999 0.8801410000000001 0.027624000000000003 0.023019999999999995
0 0.2746319999999999 0.808778 0.025321999999999976 0.032228000000000014
0 0.41927599999999987 0.6105740000000001 0.01688200000000002 0.025321999999999976
0 0.4422959999999999 0.6178640000000001 0.016881999999999932 0.029159000000000112
0 0.4522709999999999 0.5334559999999999 0.024554999999999973 0.026089999999999947
0 0.4392269999999999 0.497391 0.026089999999999947 0.029159000000000025
0 0.302026 0.45326900000000003 0.026089999999999947 0.026856999999999954
0 0.20840999999999998 0.3898859999999999 0.023019999999999995 0.029925999999999942
0 0.34346199999999993 0.201581 0.02302000000000004 0.026856999999999954
0 0.35535599999999995 0.09146699999999992 0.020718000000000014 0.027624000000000138
