0 0.27163899999999996 0.11487099999999995 0.01688200000000002 0.03453000000000002
0 0.10819500000000008 0.4221149999999999 0.02455500000000015 0.03299600000000007
0 0.23595799999999995 0.47344999999999987 0.02225300000000008 0.029159000000000112
0 0.23941099999999996 0.567833 0.027624000000000138 0.023020000000000086
0 0.25421999999999983 0.9113719999999997 0.02225300000000008 0.02992600000000003
0 0.4433699999999998 0.907919 0.018415999999999943 0.029158999999999935
0 0.4571819999999998 0.749463 0.026089999999999947 0.025322000000000067
0 0.41651299999999997 0.314917 0.026089999999999947 0.026089999999999947
0 0.43032499999999996 0.015499999999999983 0.029158999999999935 0.023020000000000006
0 0.45603099999999996 0.09530399999999999 0.02225300000000008 0.03683200000000001
0 0.4740640000000001 0.208103 0.03222799999999992 0.023019999999999995
0 0.656691 0.11985900000000001 0.027624000000000138 0.023019999999999975
0 0.7253679999999999 0.19122200000000006 0.025321999999999976 0.03222799999999999
0 0.5807239999999999 0.389426 0.01688200000000002 0.025321999999999935
0 0.557704 0.382136 0.016881999999999932 0.029159000000000025
0 0.5477289999999999 0.466544 0.024554999999999973 0.026089999999999947
0 0.560773 0.502609 0.026089999999999947 0.029159000000000025
0 0.6979739999999999 0.546731 0.026089999999999947 0.026856999999999954
0 0.7915899999999999 0.6101140000000002 0.023019999999999995 0.029925999999999942
0 0.656538 0.798419 0.023020000000000086 0.026856999999999954
0 0.6446439999999998 0.9085330000000003 0.020717999999999924 0.027624000000000138
