0 0.885129 0.27163899999999996 0.03452999999999999 0.01688200000000002
0 0.5778850000000001 0.10819500000000008 0.03299600000000007 0.02455500000000015
0 0.5265500000000001 0.23595799999999995 0.029159000000000112 0.02225300000000008
0 0.432167 0.23941099999999996 0.023020000000000086 0.027624000000000138
0 0.08862800000000029 0.25421999999999995 0.029925999999999852 0.02225300000000008
0 0.09208099999999994 0.44336999999999993 0.029158999999999935 0.018415999999999943
0 0.2505370000000001 0.45718199999999987 0.025322000000000067 0.026089999999999947
0 0.6850830000000001 0.416513 0.026089999999999947 0.026089999999999947
0 0.9845 0.43032499999999996 0.023019999999999995 0.029158999999999935
0 0.9046960000000001 0.45603099999999996 0.036832000000000066 0.02225300000000008
0 0.791897 0.4740640000000001 0.023019999999999995 0.03222799999999992
0 0.8801410000000001 0.656691 0.023019999999999995 0.027624000000000048
0 0.808778 0.7253679999999999 0.032228000000000014 0.025322000000000067
0 0.6105740000000001 0.5807239999999999 0.025321999999999976 0.01688200000000002
0 0.6178640000000001 0.557704 0.029159000000000025 0.016881999999999932
0 0.533456 0.5477289999999999 0.026089999999999947 0.024554999999999973
0 0.4973910000000001 0.560773 0.029159000000000025 0.026089999999999947
0 0.45326900000000003 0.6979739999999999 0.026856999999999954 0.026089999999999947
0 0.3898859999999999 0.7915899999999999 0.029925999999999942 0.02301999999999991
0 0.201581 0.656538 0.026856999999999954 0.023020000000000086
0 0.09146699999999992 0.6446439999999999 0.027624000000000138 0.020717999999999924
