0 0.114871 0.728361 0.034530 0.016882
0 0.422115 0.891805 0.032996 0.024555
0 0.473450 0.764042 0.029159 0.022253
0 0.567833 0.760589 0.023020 0.027624
0 0.911372 0.745780 0.029926 0.022253
0 0.907919 0.556630 0.029159 0.018416
0 0.749463 0.542818 0.025322 0.026090
0 0.314917 0.583487 0.026090 0.026090
0 0.015500 0.569675 0.023020 0.029159
0 0.095304 0.543969 0.036832 0.022253
0 0.208103 0.525936 0.023020 0.032228
0 0.119859 0.343309 0.023020 0.027624
0 0.191222 0.274632 0.032228 0.025322
0 0.389426 0.419276 0.025322 0.016882
0 0.382136 0.442296 0.029159 0.016882
0 0.466544 0.452271 0.026090 0.024555
0 0.502609 0.439227 0.029159 0.026090
0 0.546731 0.302026 0.026857 0.026090
0 0.610114 0.208410 0.029926 0.023020
0 0.798419 0.343462 0.026857 0.023020
0 0.908533 0.355356 0.027624 0.020718