0 0.24324733333333332 0.6522406666666666 0.02302 0.011254666666666668
0 0.4480766666666666 0.7612033333333332 0.02199733333333333 0.01637
0 0.4823 0.676028 0.019439333333333333 0.014835333333333332
0 0.5452220000000001 0.6737259999999999 0.015346666666666666 0.018416
0 0.7742479999999999 0.6638533333333333 0.01995066666666667 0.014835333333333332
0 0.771946 0.5377533333333333 0.019439333333333333 0.012277333333333333
0 0.6663086666666668 0.5285453333333333 0.016881333333333335 0.01739333333333333
0 0.3766113333333333 0.5556579999999999 0.01739333333333333 0.01739333333333333
0 0.177 0.5464500000000001 0.015346666666666666 0.019439333333333333
0 0.23020266666666667 0.5293126666666667 0.024554666666666666 0.014835333333333332
0 0.305402 0.5172906666666666 0.015346666666666666 0.021485333333333335
0 0.24657266666666666 0.39553933333333335 0.015346666666666666 0.018416
0 0.29414799999999997 0.34975466666666666 0.021485333333333335 0.016881333333333335
0 0.426284 0.44618399999999997 0.016881333333333335 0.011254666666666668
0 0.421424 0.46153066666666664 0.019439333333333333 0.011254666666666668
0 0.477696 0.4681806666666667 0.01739333333333333 0.01637
0 0.5017393333333333 0.45948466666666665 0.019439333333333333 0.01739333333333333
0 0.531154 0.36801733333333336 0.017904666666666666 0.01739333333333333
0 0.5734093333333334 0.3056066666666667 0.01995066666666667 0.015346666666666666
0 0.698946 0.39564133333333334 0.017904666666666666 0.015346666666666666
0 0.7723553333333334 0.4035706666666667 0.018416 0.013812
