1 0.649504 0.928246 0.661394 0.939620 0.668631 0.954094 0.685174 0.970120 0.694479 0.960815 0.698615 0.948925 0.698615 0.936518 0.683106 0.925145 0.711022 0.909636 0.703267 0.897746 0.680004 0.904983 0.669665 0.914289 0.657258 0.917907 0.644851 0.922043
1 0.503619 0.943238 0.494313 0.923077 0.487076 0.909119 0.482940 0.890509 0.493797 0.875000 0.504136 0.881203 0.515509 0.888958 0.520161 0.902916 0.517060 0.921526 0.514475 0.937035 0.513441 0.944789
1 0.403329 0.798490 0.415736 0.804694 0.421940 0.814516 0.432279 0.818652 0.438999 0.807279 0.438999 0.788668 0.455542 0.785567 0.470533 0.782982 0.483457 0.767990 0.488110 0.757651 0.481907 0.749380 0.458127 0.744210 0.448821 0.738524 0.432279 0.759202 0.422457 0.767473 0.414185 0.782465 0.404880 0.792287
1 0.356390 0.851737 0.347084 0.837779 0.347084 0.808830 0.336745 0.788668 0.335711 0.773677 0.328474 0.758685 0.319686 0.748346 0.299007 0.755583 0.297457 0.770058 0.313999 0.781431 0.306762 0.788151 0.303660 0.791770 0.301592 0.802109 0.307279 0.809864 0.306245 0.820720 0.311931 0.831576 0.327440 0.839330 0.335194 0.844500 0.345017 0.852254 0.351220 0.856390
1 0.343466 0.956679 0.341915 0.944272 0.334677 0.930314 0.330542 0.923077 0.319686 0.915840 0.304177 0.929797 0.299524 0.937035 0.314516 0.953060 0.319169 0.957713 0.328474 0.961849
1 0.591605 0.214537 0.597291 0.205232 0.625207 0.201613 0.636580 0.189723 0.636063 0.172146 0.626758 0.168528 0.625207 0.160256 0.603495 0.173697 0.595223 0.185070 0.595223 0.197477 0.591088 0.206266
1 0.525434 0.246588 0.519748 0.225910 0.516646 0.210401 0.510443 0.202647 0.498036 0.218672 0.491315 0.231596 0.500103 0.236766 0.508892 0.241935 0.517680 0.245037
1 0.551799 0.322064 0.552833 0.312758 0.574545 0.293631 0.592639 0.284326 0.603495 0.290529 0.602461 0.298801 0.597291 0.311725 0.604012 0.319479 0.604012 0.330852 0.599359 0.334471 0.577130 0.332920 0.560587 0.327233
1 0.498656 0.432175 0.511063 0.431658 0.526055 0.437345 0.537945 0.429074 0.543114 0.420802 0.540529 0.410463 0.545182 0.397539 0.531741 0.400641 0.524504 0.401158 0.517266 0.415116 0.507961 0.422353 0.496588 0.428557
1 0.458333 0.455438 0.452130 0.436311 0.447994 0.418734 0.437655 0.407361 0.425248 0.401158 0.423180 0.416667 0.410773 0.420285 0.410773 0.432175 0.419562 0.435277 0.431969 0.439930 0.435587 0.445616 0.443342 0.453371 0.447994 0.457506
1 0.360732 0.702440 0.352978 0.696754 0.340571 0.696237 0.331266 0.693135 0.325579 0.685380 0.325579 0.668838 0.331266 0.667287 0.346774 0.670906 0.352978 0.675558 0.358664 0.680728 0.359698 0.686414 0.362800 0.691584 0.363834 0.698304
